18
65
63
28
76
93
75
45
40
32
73
91
58
24
81
26
50
94
95
69
86
64
42
22
52
2
44
87
90
73
1
31
62
93
59
100
61
10
58
68
95
73
8
43
50
83
47
76
42
5
27
34
75
90
6
15
15
85
20
70
80
85
63
80
17
19
95
39
12
17
36
72
44
77
87
42
43
19
35
3
65
36
1
64
41
25
60
67
54
29
38
81
26
61
79
53
4
25
8
15
60
16
93
91
52
91
50
61
81
17
43
62
21
40
62
78
79
28
21
27
54
81
10
75
30
81
96
18
21
87
10
78
61
31
9
55
71
18
61
88
35
2
13
63
41
22
74
95
34
23
25
91
65
33
60
71
34
70
4
36
3
8
66
28
100
60
90
12
25
72
34
47
63
12
100
4
99
58
61
90
23
26
78
21
50
94
70
84
95
94
18
32
11
78
27
16
63
97
79
31
65
62
73
58
34
74
96
65
73
10
69
46
19
7
87
81
46
18
42
1
89
53
9
84
50
39
46
38
72
4
82
38
28
27
81
94
83
36
29
25
30
93
81
25
33
81
87
70
91
99
93
59
65
47
72
49
11
38
89
33
92
47
46
93
29
51
47
18
91
68
22
68
55
86
7
50
69
7
61
28
55
96
18
60
7
68
49
25
78
5
28
53
73
91
65
35
56
86
57
38
10
6
36
21
11
45
94
44
4
79
36
73
36
69
3
14
83
9
82
7
60
49
68
36
87
84
9
82
15
30
73
99
11
80
16
3
89
34
41
71
21
24
24
8
95
79
20
30
4
87
6
93
98
92
96
20
67
77
74
53
86
3
19
77
83
3
10
13
12
76
82
9
20
17
11
72
81
69
86
68
65
75
43
82
82
80
68
28
15
14
16
71
97
13
4
34
45
96
96
70
46
38
72
41
8
37
63
76
3
26
72
21
84
31
77
22
80
94
90
42
25
16
23
5
43
54
65
8
15
55
13
92
39
25
66
23
90
39
15
9
22
44
29
66
44
76
5
100
58
54
21
45
2
21
32
1
59
39
36
15
69
16
48
19
44
7
28
74
90
5
86
13
43
93
51
38
31
63
57
13
55
19
84
69
75
76
54
91
91
9
81
40
28
47
15
70
99
95
98
40